,count,after,before,link
0,4,450,440,https://api.pushshift.io/reddit/search/comment/?&q=stan&subreddit=roastme&aggs=subreddit&fields=aggs&metadata=true&after=451d&before=441d
1,3,440,430,https://api.pushshift.io/reddit/search/comment/?&q=stan&subreddit=roastme&aggs=subreddit&fields=aggs&metadata=true&after=441d&before=431d
2,2,430,420,https://api.pushshift.io/reddit/search/comment/?&q=stan&subreddit=roastme&aggs=subreddit&fields=aggs&metadata=true&after=431d&before=421d
3,4,420,410,https://api.pushshift.io/reddit/search/comment/?&q=stan&subreddit=roastme&aggs=subreddit&fields=aggs&metadata=true&after=421d&before=411d
4,4,410,400,https://api.pushshift.io/reddit/search/comment/?&q=stan&subreddit=roastme&aggs=subreddit&fields=aggs&metadata=true&after=411d&before=401d
5,7,400,390,https://api.pushshift.io/reddit/search/comment/?&q=stan&subreddit=roastme&aggs=subreddit&fields=aggs&metadata=true&after=401d&before=391d
6,5,390,380,https://api.pushshift.io/reddit/search/comment/?&q=stan&subreddit=roastme&aggs=subreddit&fields=aggs&metadata=true&after=391d&before=381d
7,2,380,370,https://api.pushshift.io/reddit/search/comment/?&q=stan&subreddit=roastme&aggs=subreddit&fields=aggs&metadata=true&after=381d&before=371d
