count,average,after,before,link
2405,NA,410,400,https://api.pushshift.io/reddit/search/submission/?&subreddit=askmen&aggs=subreddit&fields=aggs&metadata=true&after=410d&before=400d
2688,NA,400,390,https://api.pushshift.io/reddit/search/submission/?&subreddit=askmen&aggs=subreddit&fields=aggs&metadata=true&after=400d&before=390d
2606,2491.6,390,380,https://api.pushshift.io/reddit/search/submission/?&subreddit=askmen&aggs=subreddit&fields=aggs&metadata=true&after=390d&before=380d
2446,2475.8,380,370,https://api.pushshift.io/reddit/search/submission/?&subreddit=askmen&aggs=subreddit&fields=aggs&metadata=true&after=380d&before=370d
2313,2434.8,370,360,https://api.pushshift.io/reddit/search/submission/?&subreddit=askmen&aggs=subreddit&fields=aggs&metadata=true&after=370d&before=360d
2326,2406.0,360,350,https://api.pushshift.io/reddit/search/submission/?&subreddit=askmen&aggs=subreddit&fields=aggs&metadata=true&after=360d&before=350d
2483,2461.8,350,340,https://api.pushshift.io/reddit/search/submission/?&subreddit=askmen&aggs=subreddit&fields=aggs&metadata=true&after=350d&before=340d
2462,2571.8,340,330,https://api.pushshift.io/reddit/search/submission/?&subreddit=askmen&aggs=subreddit&fields=aggs&metadata=true&after=340d&before=330d
2725,2696.6,330,320,https://api.pushshift.io/reddit/search/submission/?&subreddit=askmen&aggs=subreddit&fields=aggs&metadata=true&after=330d&before=320d
2863,2843.8,320,310,https://api.pushshift.io/reddit/search/submission/?&subreddit=askmen&aggs=subreddit&fields=aggs&metadata=true&after=320d&before=310d
2950,2995.0,310,300,https://api.pushshift.io/reddit/search/submission/?&subreddit=askmen&aggs=subreddit&fields=aggs&metadata=true&after=310d&before=300d
3219,3158.2,300,290,https://api.pushshift.io/reddit/search/submission/?&subreddit=askmen&aggs=subreddit&fields=aggs&metadata=true&after=300d&before=290d
3218,3197.6,290,280,https://api.pushshift.io/reddit/search/submission/?&subreddit=askmen&aggs=subreddit&fields=aggs&metadata=true&after=290d&before=280d
3541,3171.2,280,270,https://api.pushshift.io/reddit/search/submission/?&subreddit=askmen&aggs=subreddit&fields=aggs&metadata=true&after=280d&before=270d
3060,3254.2,270,260,https://api.pushshift.io/reddit/search/submission/?&subreddit=askmen&aggs=subreddit&fields=aggs&metadata=true&after=270d&before=260d
2818,3326.6,260,250,https://api.pushshift.io/reddit/search/submission/?&subreddit=askmen&aggs=subreddit&fields=aggs&metadata=true&after=260d&before=250d
3634,3381.6,250,240,https://api.pushshift.io/reddit/search/submission/?&subreddit=askmen&aggs=subreddit&fields=aggs&metadata=true&after=250d&before=240d
3580,3507.4,240,230,https://api.pushshift.io/reddit/search/submission/?&subreddit=askmen&aggs=subreddit&fields=aggs&metadata=true&after=240d&before=230d
3816,3697.0,230,220,https://api.pushshift.io/reddit/search/submission/?&subreddit=askmen&aggs=subreddit&fields=aggs&metadata=true&after=230d&before=220d
3689,3736.8,220,210,https://api.pushshift.io/reddit/search/submission/?&subreddit=askmen&aggs=subreddit&fields=aggs&metadata=true&after=220d&before=210d
3766,3844.2,210,200,https://api.pushshift.io/reddit/search/submission/?&subreddit=askmen&aggs=subreddit&fields=aggs&metadata=true&after=210d&before=200d
3833,3878.0,200,190,https://api.pushshift.io/reddit/search/submission/?&subreddit=askmen&aggs=subreddit&fields=aggs&metadata=true&after=200d&before=190d
4117,3913.0,190,180,https://api.pushshift.io/reddit/search/submission/?&subreddit=askmen&aggs=subreddit&fields=aggs&metadata=true&after=190d&before=180d
3985,3917.4,180,170,https://api.pushshift.io/reddit/search/submission/?&subreddit=askmen&aggs=subreddit&fields=aggs&metadata=true&after=180d&before=170d
3864,3935.0,170,160,https://api.pushshift.io/reddit/search/submission/?&subreddit=askmen&aggs=subreddit&fields=aggs&metadata=true&after=170d&before=160d
3788,3964.2,160,150,https://api.pushshift.io/reddit/search/submission/?&subreddit=askmen&aggs=subreddit&fields=aggs&metadata=true&after=160d&before=150d
3921,3963.6,150,140,https://api.pushshift.io/reddit/search/submission/?&subreddit=askmen&aggs=subreddit&fields=aggs&metadata=true&after=150d&before=140d
4263,3986.4,140,130,https://api.pushshift.io/reddit/search/submission/?&subreddit=askmen&aggs=subreddit&fields=aggs&metadata=true&after=140d&before=130d
3982,4008.0,130,120,https://api.pushshift.io/reddit/search/submission/?&subreddit=askmen&aggs=subreddit&fields=aggs&metadata=true&after=130d&before=120d
3978,4072.8,120,110,https://api.pushshift.io/reddit/search/submission/?&subreddit=askmen&aggs=subreddit&fields=aggs&metadata=true&after=120d&before=110d
3896,4051.2,110,100,https://api.pushshift.io/reddit/search/submission/?&subreddit=askmen&aggs=subreddit&fields=aggs&metadata=true&after=110d&before=100d
4245,4077.0,100,90,https://api.pushshift.io/reddit/search/submission/?&subreddit=askmen&aggs=subreddit&fields=aggs&metadata=true&after=100d&before=90d
4155,4083.8,90,80,https://api.pushshift.io/reddit/search/submission/?&subreddit=askmen&aggs=subreddit&fields=aggs&metadata=true&after=90d&before=80d
4111,4110.2,80,70,https://api.pushshift.io/reddit/search/submission/?&subreddit=askmen&aggs=subreddit&fields=aggs&metadata=true&after=80d&before=70d
4012,4100.6,70,60,https://api.pushshift.io/reddit/search/submission/?&subreddit=askmen&aggs=subreddit&fields=aggs&metadata=true&after=70d&before=60d
4028,4065.8,60,50,https://api.pushshift.io/reddit/search/submission/?&subreddit=askmen&aggs=subreddit&fields=aggs&metadata=true&after=60d&before=50d
4197,4068.2,50,40,https://api.pushshift.io/reddit/search/submission/?&subreddit=askmen&aggs=subreddit&fields=aggs&metadata=true&after=50d&before=40d
3981,4175.4,40,30,https://api.pushshift.io/reddit/search/submission/?&subreddit=askmen&aggs=subreddit&fields=aggs&metadata=true&after=40d&before=30d
4123,4177.6,30,20,https://api.pushshift.io/reddit/search/submission/?&subreddit=askmen&aggs=subreddit&fields=aggs&metadata=true&after=30d&before=20d
4548,NA,20,10,https://api.pushshift.io/reddit/search/submission/?&subreddit=askmen&aggs=subreddit&fields=aggs&metadata=true&after=20d&before=10d
4039,NA,10,0,https://api.pushshift.io/reddit/search/submission/?&subreddit=askmen&aggs=subreddit&fields=aggs&metadata=true&after=10d&before=0d
