mid,count,after,before,avg,deadass,def,defo,periodt,periot,stan,thot
405.0,1757209,410,400,,,,,,,,
395.0,1828183,400,390,,,,,,,,
385.0,1933939,390,380,1827525.6,48.2,442.2,26.8,0.0,0.2,245.4,114.2
375.0,1765564,380,370,1813836.6,43.0,444.6,27.6,0.0,0.2,246.8,113.4
365.0,1852733,370,360,1810326.4,45.4,435.6,27.6,0.0,0.0,252.2,110.2
355.0,1688764,360,350,1768993.2,39.6,426.2,28.6,0.0,0.2,235.4,107.0
345.0,1810632,350,340,1788343.2,44.0,433.4,28.8,0.0,0.2,222.0,109.0
335.0,1727273,340,330,1818212.4,46.8,440.8,28.6,0.0,0.2,193.0,113.2
325.0,1862314,330,320,1839672.6,50.8,438.0,29.6,0.0,0.2,193.2,101.0
315.0,2002079,320,310,1828864.6,52.2,440.8,30.6,0.0,0.2,644.2,102.4
305.0,1796065,310,300,1861007.6,56.8,443.8,31.6,0.4,0.0,732.0,106.2
295.0,1756592,300,290,1899038.0,57.8,449.2,32.6,0.6,0.0,806.0,115.4
285.0,1887988,290,280,1876299.6,59.2,459.2,33.0,1.0,0.0,824.2,115.6
275.0,2052466,280,270,1893280.8,62.4,465.6,34.2,1.4,0.0,844.6,123.8
265.0,1888387,270,260,1970429.6,63.8,473.8,35.0,2.0,0.0,436.8,130.2
255.0,1880971,260,250,2030086.4,70.6,502.0,38.4,1.8,0.0,378.0,131.2
245.0,2142336,250,240,2087863.2,73.4,523.0,39.4,2.0,0.0,334.6,129.0
235.0,2186272,240,230,2152339.8,79.0,531.6,39.8,1.8,0.0,336.0,132.4
225.0,2341350,230,220,2216643.6,79.0,565.0,42.2,1.4,0.0,336.8,145.6
215.0,2210770,220,210,2207639.6,84.2,563.4,42.6,1.0,0.2,305.0,149.6
205.0,2202490,210,200,2209850.2,83.8,558.0,42.6,1.6,0.2,328.6,161.6
195.0,2097316,200,190,2177545.8,86.8,533.4,43.6,2.4,0.2,337.6,165.6
185.0,2197325,190,180,2164759.4,88.0,533.4,45.4,3.0,0.2,430.8,179.0
175.0,2179828,180,170,2137956.2,88.8,513.2,46.2,3.6,0.4,446.4,171.0
165.0,2146838,170,160,2146752.4,93.0,510.6,47.4,5.4,0.2,447.4,178.0
155.0,2068474,160,150,2169591.6,96.0,504.8,50.2,5.4,0.2,432.2,171.0
145.0,2141297,150,140,2190691.2,101.8,506.6,49.8,5.4,0.2,452.8,179.8
135.0,2311521,140,130,2205593.8,102.4,499.4,49.0,5.6,0.2,393.0,175.0
125.0,2285326,130,120,2205212.6,107.0,492.4,45.8,7.0,0.0,414.8,173.6
115.0,2221351,120,110,2253468.8,110.4,515.6,47.8,7.0,0.0,465.4,179.4
105.0,2066568,110,100,2282365.2,117.4,539.2,49.6,8.0,0.0,480.8,184.8
95.0,2382578,100,90,2314362.4,113.8,543.4,53.4,10.6,0.0,496.0,183.4
85.0,2456003,90,80,2347628.6,126.0,552.6,56.0,14.4,0.0,484.4,188.8
75.0,2445312,80,70,2447489.6,130.8,587.8,58.8,16.2,0.0,487.0,212.6
65.0,2387682,70,60,2520068.8,131.8,592.0,58.8,16.8,0.0,507.8,210.4
55.0,2565873,60,50,2554778.6,124.0,605.2,58.0,16.8,0.0,517.4,229.4
45.0,2745474,50,40,2539664.8,128.8,600.8,57.0,16.6,1.0,592.4,236.0
35.0,2629552,40,30,2576581.6,117.2,609.6,62.6,14.8,1.0,574.6,237.8
25.0,2369743,30,20,2565251.0,114.6,600.8,62.2,13.6,1.0,569.6,220.8
15.0,2572266,20,10,,,,,,,,
5.0,2509220,10,0,,,,,,,,
