text
"Lynx Africa is basically thot repellant. Actually, it's any potential relationship opportunity repellant"
