,count,after,before,link
0,21,450,440,https://api.pushshift.io/reddit/search/comment/?&q=def&subreddit=askgaybros&aggs=subreddit&fields=aggs&metadata=true&after=451d&before=441d
1,26,440,430,https://api.pushshift.io/reddit/search/comment/?&q=def&subreddit=askgaybros&aggs=subreddit&fields=aggs&metadata=true&after=441d&before=431d
2,11,430,420,https://api.pushshift.io/reddit/search/comment/?&q=def&subreddit=askgaybros&aggs=subreddit&fields=aggs&metadata=true&after=431d&before=421d
3,37,420,410,https://api.pushshift.io/reddit/search/comment/?&q=def&subreddit=askgaybros&aggs=subreddit&fields=aggs&metadata=true&after=421d&before=411d
4,16,410,400,https://api.pushshift.io/reddit/search/comment/?&q=def&subreddit=askgaybros&aggs=subreddit&fields=aggs&metadata=true&after=411d&before=401d
5,16,400,390,https://api.pushshift.io/reddit/search/comment/?&q=def&subreddit=askgaybros&aggs=subreddit&fields=aggs&metadata=true&after=401d&before=391d
6,12,390,380,https://api.pushshift.io/reddit/search/comment/?&q=def&subreddit=askgaybros&aggs=subreddit&fields=aggs&metadata=true&after=391d&before=381d
7,20,380,370,https://api.pushshift.io/reddit/search/comment/?&q=def&subreddit=askgaybros&aggs=subreddit&fields=aggs&metadata=true&after=381d&before=371d
